$ANSIBLE_VAULT;1.1;AES256
65396234616262353565363463303532636130306431373137656331336162373138626230386536
6665316463313833653630316638656439343364386430370a663735646263323638646564323431
33653063383637333862303535663262613139623163653466663063383039346635383762633030
3630373132646663380a373432633234666234663939643465393130623838653231366461356336
66326631396363616237313238646265376334363961666463303863306263613639633262616432
32396335376466313733363139376430353964306538383564336233656664303461376665343738
38326362613630643431623535643332666461303331313337623930316564643362633936343631
37666261373732306464303964336434663439383734656261383434663930373438366532653139
32363262363833613034346165303630333262623236643432396234313631636439656436353265
33313039393430646533363031393261313836396235633839366262656235316561373832376539
33396636356662623961333735346662623562306639363565653133396131646337643238363833
31383531306364303539306565363435343136643130353661386462333538313765323461396461
35633432343664646532666263303531626137393661616139383330356164336462343661346437
31663935343661623735393061313530306336643530653839396630643064633831623264396163
35636236653965666333333731623663363936323830346630323566616135626566663331316561
66366539323363393630363430373939393139363763653861623339646261346138306134636635
31343865626164363461346230306534393065613435633535316636643038393334306536653635
64643161353433316565643338643464346236623432613935366564656234396565306463633564
36393831633638653431396338633630323836376439386239336335306638376466663861656135
30373130303835353439646533636366646133613135313835653866343630646331663232623534
32396161343066666430316338646231346162663465616130353534663132353236
