$ANSIBLE_VAULT;1.1;AES256
66393735393934373936313961343734633130336139303636643663656464356364633462363831
6131646634316539643130323136306265383232626664360a323261303236383761323139626135
31623039623832346561373634346562303061383838363738303166343433306237353235643136
3566343134363039610a356634663731666536356162633633373839356264396638616161313434
32376463396134303466353033313332636237343034336437303435643631333131316434346333
36393237353261393037646265656535393937646132646634366536646564343434656237303635
38333539343062623631653533366333363465666536613238383336303062373432353565373737
32386135393532623533616633386265303062633166366335613762626264343637303830376666
35623866366135363733643030656463343030383338323839366566303962623763323439643262
39306465333337326332613965343465396461383266333234663666336166313139343132343035
32303831633366336433333464366636656335646333663137343335393239356432376237316237
39616433633661623733393733363733313465366137383736643437613338353033363430376331
63613935666261363064626131383862363131633534393133633465646363353934653533653231
65666265663537396463646365653061643335623362323034333932643165383134663236303564
30313433313462396336393532393738356134653733386139626531623030356236643561643266
65356339636133653234313234343461333437316537643539616234613661343262333935633234
66653565333430306432373234303532653933373663613161613561373463303862343839393466
61666566336634353561363762663439393335663836373033393731666137636565373439326534
39336361646132643264626363343338366130353266623634353932623831323031353139323461
61366563333663396230353439353230333935346136363632356633653631333437633333326533
3166
