$ANSIBLE_VAULT;1.1;AES256
37396438643430383538613438666563643733393063663130643633386461363134323638346635
6538386635383736653463326132313236643434653330360a633835656435396466326438393033
38333538643032333664373862613633356538646566646664656662323138616663343336326333
6432386231333033660a343939343733666165353333346166643766303638663038636363343230
31656664346333373438373334666432326138396133383932616232336564633436326461613265
30376237663461616665396262623037303932363934326131343332316239303935613832616233
64363537326463373330613136326637343337303164633036383231343832393039633566396333
66653832323562333535656463363530663661336531376136616238316338663762356531353031
35353763353733666638636238623162643432393563646661623836656332623763623937316534
36343165306465616330346330326437646561343038353965303064353632396633356337633663
38316131346662646535303933366431363764653464613330303931323463623631366334623165
66303237636137363064633964316365633961396331386534626439653831643963613338373330
36386438306631656463356637613833366530666665393730393833353934633766366430386365
66396265653763373430383463323765383331356335373564623134336462386431306133623531
38323031343262366638343735393164373632373630346536393339643666633964333466376136
65346330373763623532306531313262363566306330663461646537633639323462346138356537
61636437663236353565326130303033663461333037623432616434666137656264386333663033
30316662663035363130306363336632386132343234316537366331333230663939636438386663
64303631633865636564373533343133316462326664633064663463343432346439646465343132
36666333653031643533363839333838333836663436356531633634323433656663613866666631
6331
