$ANSIBLE_VAULT;1.1;AES256
64666461373734316162656133303732656166643962653762303738313736383361353562656433
3830623834373465633530303032653163633134373634330a616438656566326430623336656565
34643431623736353135653165323230633737323563663961343837316539383332663661316231
3731353861326264320a323464653464653464376530643932383765396566626134313335313066
66636565653335393061653833616535326530643931393565646630626434626565666237353331
64396531343864306432633931663730336234393361366131323565356431616161323439646261
63656238333731636666653966623965333734656435663638376439306530346636363437653231
64643762386335616138636534653462633332303365393830653131373966393964396636306533
63633266333965336666623366336261373464626632626333393263376438316135376335636334
31346233373663633665376531306566333434383736653433613834336632353837306334376630
34653261343765666662393631323461376434646136626561346132613362313535313038396664
61393333343237393736633939626236393265646439363961363865633064653161613331376437
61613932633064333831643638653333373031383039663466643964323137396565336262363036
39326631343031333165613636663134386239383230353034343634643731623931366231383634
30383864383264356461653831376638303664623339633231373239623634623636303133646631
62306637663938313632653961636466343336396431633331636338326536363931326233343839
62326631643730396265396137353432623435633237653731643938396164356463363864376665
65623762636261633435653764623366333931326565663661343237636339653362393834653261
34313462643364626139366439666232663237323734303235633234653032636636643735336136
61366333326463643266
